0.0 0.154566227633 0.724472112723
0.0 0.25824072343 0.941291307266
1.0 0.624556148923 0.281255306961
1.0 0.34578104666 0.173468018101
0.0 0.188014594039 0.559243023806
1.0 0.818503161528 0.0252041247005
0.0 0.207063785789 0.956741738684
0.0 0.307921534078 0.407742746251
1.0 0.606240981259 0.125157948911
1.0 0.920950042253 0.185174962595
0.0 0.0681419865485 0.44729796918
0.0 0.175070311329 0.802274042501
0.0 0.0159622425147 0.503379469255
0.0 0.0959717339187 0.608270217214
1.0 0.807505148351 0.439409995677
1.0 0.433905194829 0.223991038262
1.0 0.638070861224 0.165804333672
0.0 0.397603297573 0.397890370731
0.0 0.104320335922 0.314529811235
1.0 0.925301848627 0.41821751488
0.0 0.117420932374 0.881793497944
0.0 0.346507086302 0.485164005903
0.0 0.432186344799 0.583814746059
1.0 0.893803139319 0.172651445129
1.0 0.992279097477 0.796452437677
0.0 0.140125338179 0.877093682126
0.0 0.00161928134141 0.148732269838
1.0 0.750446385347 0.692487986127
1.0 0.683734842472 0.60914951785
1.0 0.719763139568 0.309693001233
0.0 0.0806346002549 0.692283064498
0.0 0.421832564539 0.898403735291
1.0 0.664864668183 0.00797991272964
1.0 0.390053226432 0.297022118958
1.0 0.547203036056 0.484718110711
0.0 0.0821762277595 0.804699790302
0.0 0.183367736286 0.396868319921
0.0 0.50320157499 0.92919552571
0.0 0.530995507547 0.565113069278
0.0 0.292425848136 0.526962747287
0.0 0.721257888496 0.785172571643
0.0 0.286504419893 0.486224342686
0.0 0.207904768149 0.92766390609
1.0 0.422751568611 0.279735118304
1.0 0.216311822699 0.207278682956
0.0 0.216105688587 0.256961470724
1.0 0.536843010466 0.284952249781
0.0 0.198497776167 0.321879039101
0.0 0.244106197547 0.65325601942
0.0 0.293039392034 0.711486822233
1.0 0.899796827557 0.178412259194
0.0 0.52539128733 0.5349204066
1.0 0.943289154395 0.768735725202
0.0 0.211222511897 0.368224685499
0.0 0.299971952785 0.960667737237
0.0 0.135017728576 0.87073501516
0.0 0.437834622358 0.81464189063
0.0 0.580113639269 0.990590977794
1.0 0.3572651445 0.320510889593
1.0 0.821308940162 0.207020105132
1.0 0.361910617386 0.120590903922
0.0 0.251004000298 0.987655982083
0.0 0.398051100284 0.416933304588
0.0 0.769728387048 0.794299440098
1.0 0.494605159974 0.201174086335
1.0 0.690325780714 0.374489715255
0.0 0.364180361084 0.831351091666
1.0 0.8931010372 0.403395428927
1.0 0.611680699089 0.0992212421272
1.0 0.316678779568 0.00372617823543
1.0 0.117000911834 0.0575839077699
0.0 0.508549014159 0.652035564205
0.0 0.828610330089 0.930615686886
0.0 0.159139313154 0.589010191597
0.0 0.190293631853 0.408775299391
1.0 0.560665821289 0.0284615940279
1.0 0.404379197129 0.115582209999
1.0 0.898251561395 0.267127502132
0.0 0.347258252517 0.440819182928
1.0 0.128582986781 0.0405528909938
1.0 0.929600147607 0.568831271833
1.0 0.492849505908 0.37614473977
0.0 0.137534125668 0.708093944062
1.0 0.849720507869 0.302069646164
1.0 0.778494781755 0.712619823943
0.0 0.0157170369057 0.108819931533
0.0 0.0835358689071 0.680150242367
0.0 0.126651149706 0.720607428882
1.0 0.346305730764 0.0729332177641
1.0 0.627683689772 0.443943936636
0.0 0.353048837128 0.400867840298
0.0 0.184196950366 0.313404037432
0.0 0.129245635042 0.563361172168
0.0 0.112459272597 0.899499085413
1.0 0.655456587196 0.0701634391233
1.0 0.810866084019 0.39979491825
1.0 0.606559329656 0.105943601666
0.0 0.528614227312 0.994754047109
0.0 0.234537250026 0.373764228547
0.0 0.0792119829034 0.875873275463
0.0 0.0188054103061 0.302289438735
1.0 0.870162161366 0.803564454929
1.0 0.68922495954 0.188310434792
0.0 0.359873358679 0.943589955241
0.0 0.691646417542 0.82999613331
1.0 0.523653015007 0.355746395108
0.0 0.312039728826 0.669557045794
1.0 0.861899309182 0.829432323482
0.0 0.741362175846 0.930992187102
0.0 0.412253221122 0.445701821046
1.0 0.495621618194 0.474080943348
1.0 0.566947440749 0.543482693365
0.0 0.570356330379 0.617809363624
0.0 0.0203504878587 0.33735551674
1.0 0.709800853513 0.650294836017
0.0 0.122407407379 0.530656297389
1.0 0.530833750524 0.408762680267
1.0 0.576498554607 0.301155449679
0.0 0.126307547215 0.808702807696
1.0 0.180176591636 0.0201904634961
1.0 0.329745532547 0.110923893962
0.0 0.332232585922 0.580266970237
0.0 0.51398351761 0.947932474335
1.0 0.916667762672 0.615047048143
1.0 0.786424330756 0.654925322183
0.0 0.184830064029 0.834512189188
0.0 0.319833185217 0.923882958187
0.0 0.163977151291 0.527604541039
0.0 0.0570128708124 0.762042759907
1.0 0.855795246728 0.0251720333166
1.0 0.760553488824 0.284451953511
0.0 0.462936059789 0.95389810938
0.0 0.429698178229 0.721624490018
1.0 0.453500340492 0.352545969399
0.0 0.228000296649 0.695433624767
1.0 0.137866827611 0.127997240516
0.0 0.0805773883407 0.70871573295
1.0 0.892840233271 0.766976618592
1.0 0.987338360296 0.762255916129
0.0 0.0205827802191 0.655088528936
1.0 0.273369259553 0.0939174144796
1.0 0.825551928046 0.39613707237
1.0 0.859605046214 0.195081446098
0.0 0.133760011106 0.91926172277
1.0 0.807288529104 0.534646802457
0.0 0.286353143173 0.645106314666
0.0 0.765121472792 0.830925826042
1.0 0.923830464901 0.56248144019
1.0 0.686845489829 0.0722923660012
0.0 0.0851606969386 0.770667553809
1.0 0.886904085452 0.839640354464
1.0 0.845743773211 0.201085472722
1.0 0.834511134583 0.497397788029
1.0 0.88510262106 0.323451299587
0.0 0.0918159627016 0.70943704337
1.0 0.83252130409 0.0879783850572
0.0 0.379061072442 0.388525336163
1.0 0.924450423985 0.0529444731065
1.0 0.95706216978 0.514204477223
0.0 0.185416779584 0.192291056717
1.0 0.682631182522 0.141269812433
1.0 0.942468437876 0.376869216795
1.0 0.683308179899 0.456463221995
1.0 0.665621442328 0.603391260935
1.0 0.368720609983 0.00759999647021
1.0 0.571517203413 0.472356988858
1.0 0.815150103946 0.171102327176
1.0 0.517256418248 0.210704084018
0.0 0.164073376979 0.629916894823
0.0 0.269570446223 0.270379454478
0.0 0.624215634028 0.874706389049
1.0 0.866486846474 0.57176985487
1.0 0.781307707419 0.747118363385
0.0 0.807532946653 0.81237566967
0.0 0.0897449244452 0.395144311945
0.0 0.877652867727 0.949031619793
0.0 0.0141799865595 0.53869055335
0.0 0.138378190325 0.176372968284
1.0 0.781488382033 0.027481817129
1.0 0.893267041674 0.79379533856
0.0 0.33034982557 0.371063174637
0.0 0.0748204208593 0.614150103186
1.0 0.59169031275 0.543613494184
0.0 0.366765480538 0.3842532269
0.0 0.574480562386 0.834533852784
0.0 0.572499406384 0.66532760092
0.0 0.462473260851 0.742180102387
1.0 0.934216782206 0.808453079279
0.0 0.201433361685 0.408545618144
0.0 0.230991817125 0.710133892112
1.0 0.12322238673 0.09075698106
1.0 0.64725495554 0.271123978171
0.0 0.0890637092267 0.415814032268
0.0 0.0986753098919 0.437090783952
0.0 0.196058817305 0.517041736574
1.0 0.328898513275 0.0591437664753
1.0 0.548931309092 0.47018204825
1.0 0.753156957001 0.678829156682
1.0 0.683693266701 0.090505514875
0.0 0.47922490064 0.709494508685
1.0 0.89007303337 0.268640374707
1.0 0.743468695326 0.398535977613
1.0 0.360095259064 0.336214526242
0.0 0.227741163695 0.891965309487
1.0 0.957178495806 0.745439204213
0.0 0.501468704307 0.815455963306
0.0 0.199461004906 0.75629252046
0.0 0.523602552346 0.665007272957
1.0 0.323211967651 0.20098631301
0.0 0.752025992231 0.792261882982
0.0 0.459194772253 0.974371763972
1.0 0.0744763746172 0.0588845807847
1.0 0.819965372845 0.6995968547
1.0 0.657793614512 0.147602944821
1.0 0.854192993045 0.629051217606
1.0 0.878994141503 0.768071483534
1.0 0.552525259679 0.23425099898
0.0 0.69330535389 0.873771021357
0.0 0.114514362423 0.839983983686
0.0 0.116599749174 0.726509459431
1.0 0.826330104406 0.720522966196
1.0 0.354880343649 0.258025688451
1.0 0.851448947604 0.609530341172
0.0 0.313422015246 0.90860717155
0.0 0.309784373216 0.828409440761
0.0 0.146905433428 0.190129557361
0.0 0.120357800113 0.193492154831
0.0 0.266320287268 0.308173453298
0.0 0.0485484057327 0.255213019182
1.0 0.631820109487 0.583583284031
1.0 0.854064980919 0.0143857319245
0.0 0.446765530478 0.528271270001
1.0 0.212755305664 0.0369002412121
1.0 0.253964742303 0.231319467079
1.0 0.994144183736 0.555436933728
0.0 0.0378457147631 0.192175663978
1.0 0.268789164005 0.0721739275408
1.0 0.985976196608 0.343472874848
1.0 0.927595232535 0.739890265928
0.0 0.107094862925 0.781074647377
1.0 0.444704545716 0.354209355838
0.0 0.291028596919 0.415384302113
0.0 0.596937485204 0.754590072663
0.0 0.167554114734 0.612606189607
0.0 0.595309501393 0.726958512633
0.0 0.392706019348 0.934349555477
1.0 0.431212687377 0.137017398563
1.0 0.562833560678 0.45181687142
0.0 0.708494925656 0.858211309736
1.0 0.987827882505 0.0194399080385
1.0 0.640484142757 0.224010249356
1.0 0.938858833107 0.657359451038
1.0 0.512295773122 0.415627243816
1.0 0.522434177186 0.304417266619
0.0 0.0619947760108 0.774642909235
0.0 0.0428613560698 0.781187340655
0.0 0.0470248263034 0.273694799451
0.0 0.172448102925 0.648816809881
0.0 0.209964047178 0.241928666246
0.0 0.355675543509 0.78422882358
1.0 0.700808961534 0.0123822560968
0.0 0.0532095080717 0.899517604259
1.0 0.949524230738 0.764284707714
0.0 0.4241713856 0.719070606073
0.0 0.393748431891 0.803460425583
0.0 0.268995788698 0.387586662531
1.0 0.704986228696 0.0358150115011
0.0 0.321597073668 0.82106888122
0.0 0.200340531625 0.922858283307
1.0 0.901475633178 0.898914974137
1.0 0.898140742198 0.483680677561
1.0 0.917655064326 0.272585749239
0.0 0.258133437256 0.296358511827
0.0 0.357081117775 0.729677875379
0.0 0.253106847093 0.945967020462
1.0 0.711763297254 0.533715000065
0.0 0.477507548026 0.984875943213
1.0 0.705628224237 0.0485025462934
1.0 0.950967950024 0.940669961519
0.0 0.480335694919 0.964895479713
0.0 0.935141866396 0.980858941786
0.0 0.243958619486 0.445709135527
1.0 0.982375390425 0.860022197176
1.0 0.609374411956 0.372136939456
1.0 0.773358754166 0.461519812274
0.0 0.0220305516889 0.321439234834
1.0 0.739003080993 0.276397929162
0.0 0.0452370906265 0.262956358279
1.0 0.984118179335 0.144081053646
0.0 0.342075463029 0.860086578115
0.0 0.0819825117978 0.675008868905
1.0 0.309379433644 0.0943422653916
0.0 0.441764839526 0.529415013308
0.0 0.0581244190447 0.0950837271756
0.0 0.250774851332 0.421909748455
1.0 0.786376848184 0.706752773111
1.0 0.921825577657 0.919723614801
0.0 0.641580128541 0.818517848063
0.0 0.185913854812 0.879296202611
1.0 0.91680010719 0.653364795164
1.0 0.40876881755 0.300093052639
1.0 0.949596583887 0.665440543977
0.0 0.374984634945 0.507820366621
1.0 0.946986612415 0.799845904466
1.0 0.52084422177 0.294287056742
1.0 0.478642345933 0.0269938499464
0.0 0.199273000968 0.578763181444
0.0 0.163535748293 0.349382644807
1.0 0.509967823547 0.296137531655
1.0 0.816905570192 0.242928615672
0.0 0.423879671272 0.468464030358
0.0 0.262442367149 0.461149759924
0.0 0.533815652683 0.713139242517
1.0 0.710005499266 0.000304702494867
1.0 0.524622935648 0.378292084419
0.0 0.216634194223 0.471388914557
0.0 0.414002898037 0.614836810236
0.0 0.292977860312 0.792689358474
1.0 0.960889186126 0.583715130902
1.0 0.829116748947 0.652449518352
0.0 0.00588444178639 0.403865775109
0.0 0.0946743243956 0.850124421169
1.0 0.731267843807 0.0578695336879
0.0 0.253950112713 0.270391860295
0.0 0.261153764287 0.884416756804
1.0 0.542145907995 0.0140751986355
1.0 0.794408768655 0.377757752099
0.0 0.242375607466 0.623637771618
0.0 0.0180423327076 0.299611140903
0.0 0.197525570157 0.437037246278
0.0 0.292568185719 0.974072673595
1.0 0.895807066289 0.158946353995
1.0 0.854345419582 0.804063921606
1.0 0.800913096378 0.089499619795
0.0 0.0788153089541 0.78019979138
0.0 0.139588241752 0.658810804861
1.0 0.754040805439 0.339498848459
0.0 0.297215218532 0.458209803157
1.0 0.111735899866 0.00291924654114
0.0 0.17093819721 0.683878306129
1.0 0.549802105119 0.29374929311
1.0 0.548900707112 0.449481224408
1.0 0.991636642061 0.94748460047
0.0 0.179198859041 0.329981442029
1.0 0.958019080279 0.578015613042
0.0 0.888991244839 0.987798303014
1.0 0.638313770958 0.0862447443408
0.0 0.319580885938 0.825022329122
1.0 0.834497883225 0.595328887257
0.0 0.194367244798 0.951469338184
0.0 0.408434780606 0.499024868306
0.0 0.370381557015 0.601979379989
1.0 0.845793947743 0.144841991527
1.0 0.637752037275 0.525495176233
1.0 0.701705993218 0.341521625007
0.0 0.164962210827 0.932314899516
1.0 0.767657929203 0.382628629008
0.0 0.000772888362163 0.913300214088
1.0 0.48790229022 0.174925464982
1.0 0.458046008628 0.398408077745
1.0 0.730198082964 0.0611668924089
0.0 0.402457296995 0.938601445352
1.0 0.918653258392 0.427303681219
1.0 0.368274051651 0.166957317983
0.0 0.0411860484722 0.237353077003
0.0 0.135996773577 0.554627351634
1.0 0.736424759218 0.402116034317
1.0 0.180028978024 0.118607834402
1.0 0.128307862997 0.120564668186
0.0 0.0204815194485 0.626337326016
1.0 0.956605468348 0.669201647676
1.0 0.970207861591 0.246877244834
1.0 0.77901098468 0.745245010705
1.0 0.385014726902 0.172663951913
1.0 0.337928063168 0.0646590003215
1.0 0.82072574176 0.00678795378869
1.0 0.816345578089 0.209398975323
0.0 0.560324354912 0.56445863194
1.0 0.252580040409 0.102115819146
0.0 0.353643858983 0.761989606014
1.0 0.543531015667 0.331727000191
0.0 0.275516090159 0.646761099808
1.0 0.429365194327 0.00593465105502
0.0 0.280721328553 0.638898172354
1.0 0.235906301416 0.00971267906781
0.0 0.867226925386 0.993914363992
1.0 0.957102684529 0.139205598387
1.0 0.70039014809 0.475016855656
0.0 0.528204244077 0.944568408036
1.0 0.447224085735 0.348634690683
1.0 0.479557427641 0.0243423723409
1.0 0.799073521809 0.648415288718
0.0 0.00125138319702 0.602967341495
1.0 0.982415099238 0.679166232299
1.0 0.640463543238 0.311594401896
1.0 0.378535681551 0.195161647722
1.0 0.541599557462 0.042084239522
1.0 0.996423254599 0.848161439781
1.0 0.58154839591 0.531837369539
1.0 0.55958220847 0.00124309573714
1.0 0.288328808349 0.122013401627
1.0 0.636799119669 0.426463440933
0.0 0.402702677992 0.552178863298
0.0 0.38467887283 0.617083736501
1.0 0.829557408982 0.0293379093233
0.0 0.0316739280161 0.239654714155
1.0 0.911594525081 0.884149106234
0.0 0.797018030882 0.798693397312
0.0 0.475585448999 0.996214849409
0.0 0.287665508029 0.617677038509
1.0 0.83435814031 0.793831246893
1.0 0.532545939665 0.103904395425
1.0 0.410864508591 0.369155627834
0.0 0.249965782003 0.718953631571
0.0 0.33343162978 0.987808407574
1.0 0.287738558978 0.260985938768
1.0 0.777175739025 0.741717800588
0.0 0.0823646046618 0.217832205022
1.0 0.479140235918 0.12900981789
1.0 0.90457645034 0.788549808539
0.0 0.484704480345 0.484799764703
1.0 0.741555742368 0.192653417417
1.0 0.916758935556 0.270854752296
1.0 0.788293910901 0.670408976558
1.0 0.586023085934 0.410073040231
0.0 0.600635022703 0.609627820687
0.0 0.273210126027 0.538059914438
0.0 0.272716607096 0.53209567894
0.0 0.567080954782 0.757759336078
0.0 0.0246292273719 0.193442770975
1.0 0.856693338156 0.630700190581
0.0 0.0835123111594 0.896942356232
1.0 0.966166600765 0.362878247899
0.0 0.222113809784 0.801480655734
0.0 0.349984820946 0.872721083377
1.0 0.143903215861 0.050674347248
1.0 0.906240495398 0.684180188307
1.0 0.79232896655 0.594334240003
0.0 0.286170728114 0.566579838813
1.0 0.807082848764 0.783500476551
0.0 0.143038169812 0.74525398911
0.0 0.183152857845 0.194692863
1.0 0.953493999728 0.870835792454
0.0 0.278767424892 0.722546796829
0.0 0.204103922644 0.968018369864
1.0 0.929417074335 0.0320870555735
1.0 0.808209310827 0.337228790923
0.0 0.40156076888 0.907270350168
1.0 0.652262809189 0.381669001608
0.0 0.37625224784 0.801724815728
0.0 0.470596605723 0.473805791874
0.0 0.0311687945336 0.232433807027
1.0 0.849502465791 0.108488032107
0.0 0.382191537984 0.815046205223
0.0 0.0739694914367 0.191312667687
1.0 0.674142591938 0.167033442403
0.0 0.00733538793782 0.875830525347
1.0 0.451966617979 0.368123673029
1.0 0.680265857617 0.133588395008
1.0 0.629832438899 0.026430143601
0.0 0.174795724928 0.901599856928
0.0 0.256909045093 0.954403280545
1.0 0.972132905313 0.80067232326
1.0 0.446846243901 0.0830786467609
0.0 0.277415821347 0.364009972952
1.0 0.615665700404 0.57235283617
1.0 0.954806453432 0.105994374984
1.0 0.292601588238 0.149341770023
1.0 0.939567642102 0.419548066083
0.0 0.519811783315 0.52865689075
0.0 0.878305224574 0.975117421808
0.0 0.0802401003298 0.14228889693
1.0 0.723732717012 0.598076791099
0.0 0.182564019337 0.94987447651
1.0 0.953388130224 0.298311394822
1.0 0.324596951066 0.0667695179094
1.0 0.437076884082 0.129498572359
0.0 0.0955334661906 0.312123974105
1.0 0.939786737219 0.906846995738
1.0 0.524584746389 0.229736235528
1.0 0.580148161287 0.540008392255
0.0 0.33722080948 0.744240713964
0.0 0.0899854573791 0.765941020602
1.0 0.325353864046 0.111008070776
1.0 0.981824623246 0.00538179688419
1.0 0.952429320634 0.870484225541
1.0 0.83229383399 0.318248995753
0.0 0.241327793907 0.814877730555
0.0 0.640836933862 0.915397145687
0.0 0.145630420248 0.235467119804
1.0 0.603646272867 0.0507259516454
1.0 0.485321016184 0.0528704281142
1.0 0.994895892851 0.651404366263
1.0 0.344661558622 0.142447066821
1.0 0.588877520322 0.113022351026
1.0 0.225834722295 0.0147627477371
1.0 0.709848469571 0.357809213089
1.0 0.724757316404 0.223566957686
0.0 0.517784776503 0.818359955946
0.0 0.0782464363423 0.60474388859
1.0 0.709043165712 0.660980431067
0.0 0.190665829532 0.557076554919
1.0 0.818210877593 3.98124921885e-06
1.0 0.746651709663 0.306493179445
0.0 0.625176039394 0.746585643477
0.0 0.0966746162983 0.731020373112
0.0 0.806445888357 0.84589125705
0.0 0.461923250412 0.474071751575
1.0 0.409759394808 0.368899318852
0.0 0.403544467711 0.910198729626
0.0 0.39344309114 0.796690089534
1.0 0.726828632307 0.352836868946
0.0 0.109379333113 0.846529195226
1.0 0.895310616125 0.753544613099
0.0 0.238173374009 0.924339287805
1.0 0.704596411517 0.686945591039
1.0 0.984905830535 0.257376057194
0.0 0.090894490069 0.705257774132
0.0 0.140238310531 0.548380215813
0.0 0.514960599371 0.725658350742
1.0 0.478778544029 0.468869422513
1.0 0.731919022274 0.701435248664
0.0 0.75454952001 0.968317343804
1.0 0.455316016638 0.190999826454
1.0 0.781479227024 0.736822533393
1.0 0.946462861325 0.423389175309
1.0 0.574163819364 0.454309069293
1.0 0.602898142506 0.532468185008
0.0 0.326217551377 0.782107828759
0.0 0.96729194659 0.975153972959
1.0 0.860390088423 0.374369955521
1.0 0.397833107451 0.349648897256
0.0 0.335508219349 0.770264528566
0.0 0.592996953682 0.903040712545
0.0 0.202316010736 0.587675301126
1.0 0.502672494492 0.181571458753
0.0 0.632380175249 0.896722586727
0.0 0.105362990463 0.202717199308
0.0 0.334453793842 0.868089551513
1.0 0.908420085321 0.169189049195
1.0 0.646930257754 0.326719704109
0.0 0.408043037082 0.539893918589
0.0 0.355990135291 0.984881711267
0.0 0.136927266424 0.678565224871
1.0 0.65415839223 0.250278658782
1.0 0.808422806801 0.328516396246
1.0 0.885686593936 0.715255392713
0.0 0.877777220264 0.884818601002
0.0 0.0624262634921 0.533640076431
0.0 0.403270893895 0.836426442722
1.0 0.312847015712 0.175757673573
0.0 0.160219193756 0.551107905335
1.0 0.329302292542 0.0352909253049
1.0 0.69887829801 0.107457359271
1.0 0.976613143214 0.535653152405
1.0 0.787334385265 0.686909371298
0.0 0.688648102845 0.768348540444
1.0 0.192428491601 0.00147465380372
1.0 0.896983261424 0.578016116091
1.0 0.560099671302 0.331418013431
1.0 0.682740553574 0.331516095049
0.0 0.0104312155776 0.625482945647
1.0 0.853657945785 0.0378529612688
1.0 0.0275519321939 0.00392687692083
1.0 0.198210600189 0.142638164677
0.0 0.0934004438521 0.98024341895
1.0 0.857600066283 0.478959639293
1.0 0.647614722722 0.540658032684
0.0 0.10054305223 0.205090796356
1.0 0.499342703276 0.496312305545
1.0 0.96063334593 0.0650764622637
0.0 0.186677508437 0.255721646722
0.0 0.37737116579 0.379257743047
1.0 0.98906465925 0.929331364994
1.0 0.0920444558185 0.0678647347293
0.0 0.625018795134 0.949940971737
1.0 0.736618696615 0.0828653193736
1.0 0.918169336641 0.343049379802
1.0 0.94285608171 0.317291556079
1.0 0.428928789079 0.135590927242
0.0 0.151413245191 0.367853203601
1.0 0.573255295878 0.470128449872
0.0 0.0863902605251 0.530311731641
0.0 0.0771666141947 0.394750225727
1.0 0.660772073105 0.616418018589
1.0 0.885620310147 0.816870247201
1.0 0.312368242452 0.268529864222
0.0 0.0816523981138 0.154572998419
1.0 0.902461951325 0.645556336545
1.0 0.140105208098 0.0848046243395
0.0 0.392973319288 0.74896627624
1.0 0.259238544061 0.0131804244942
0.0 0.817397369824 0.962660828148
1.0 0.367236495636 0.115814445437
0.0 0.0540540026196 0.327392075575
1.0 0.876529761368 0.319150442303
1.0 0.489544927742 0.06060233589
0.0 0.0832701657755 0.272413544293
1.0 0.365124191228 0.334304129296
0.0 0.71529132273 0.968660434851
1.0 0.462387908789 0.0107154637151
1.0 0.958709441205 0.883498974277
1.0 0.626492474344 0.297906550771
0.0 0.180463908233 0.303851836621
0.0 0.229870423866 0.771766008381
0.0 0.302957249711 0.503957185215
0.0 0.257994804494 0.463000247903
0.0 0.664702224468 0.973762400744
0.0 0.091747111771 0.908596101473
0.0 0.963696927384 0.965705029304
0.0 0.518887014202 0.85670079637
0.0 0.0336106726156 0.536947171622
1.0 0.723563923599 0.436954712729
1.0 0.054703421679 0.00115192267124
1.0 0.226266379552 0.179865353499
1.0 0.493403656688 0.00225710781958
1.0 0.601222711649 0.331563545649
0.0 0.231258955848 0.286407370141
1.0 0.706319079858 0.502694375207
1.0 0.810442003081 0.506701464599
0.0 0.176280391667 0.278973295068
0.0 0.131552763513 0.675626554193
1.0 0.0820560252257 0.0810146582201
1.0 0.611317245724 0.00280616019756
0.0 0.0337149678582 0.384507936265
0.0 0.446614141985 0.703842893438
0.0 0.0470283689339 0.579249882433
0.0 0.145512499738 0.192452605946
1.0 0.437622032661 0.0934194716406
1.0 0.914540624235 0.292842390588
0.0 0.482065005909 0.805502745656
1.0 0.833315940051 0.25316795486
0.0 0.550701799212 0.652509681036
1.0 0.972968016029 0.0449945006113
0.0 0.592628851922 0.634083575397
0.0 0.307725384609 0.760461646465
1.0 0.817274465418 0.147401813033
0.0 0.0490729501008 0.995136453825
1.0 0.70833532091 0.174060101401
1.0 0.761173045074 0.43422742793
1.0 0.740138770767 0.0651573116978
0.0 0.656571188499 0.815485664621
0.0 0.571377313998 0.707119522291
1.0 0.924509116381 0.156737293317
1.0 0.317795822238 0.171723856568
0.0 0.0207642569614 0.904180691679
0.0 0.442410690101 0.658006817829
0.0 0.071222810421 0.788524079802
0.0 0.0434188448797 0.345261259024
0.0 0.606287936788 0.740938225789
1.0 0.777250970678 0.0616913102144
0.0 0.209256573125 0.34028960719
1.0 0.878480289415 0.634921957196
1.0 0.337850600837 0.180869113899
1.0 0.344278768507 0.283912175682
0.0 0.407188227404 0.757161819745
1.0 0.146989902199 0.131221821972
1.0 0.534061979031 0.260730493669
1.0 0.436149487853 0.0985745967976
1.0 0.512199940745 0.450541576281
1.0 0.70458421423 0.679465237242
0.0 0.121107825546 0.425154509633
1.0 0.856221602474 0.00914614491233
0.0 0.590932291375 0.663491120875
1.0 0.403237092146 0.305279342573
0.0 0.359464245397 0.822405584606
0.0 0.095344938142 0.296347322801
1.0 0.849296251791 0.682868347065
1.0 0.534441066499 0.223946129051
1.0 0.964471752222 0.821591512998
0.0 0.466337187991 0.763884452382
1.0 0.976113218154 0.71914520191
0.0 0.24623998145 0.898315707942
1.0 0.721866384465 0.131408984505
1.0 0.94610760942 0.702396829559
1.0 0.566073596086 0.508719833031
1.0 0.893697838896 0.067517645056
1.0 0.601389991197 0.0747573519836
1.0 0.37667611733 0.282611530541
0.0 0.0161728966886 0.549913502323
0.0 0.163715224463 0.567043811575
0.0 0.186576961435 0.938419276719
0.0 0.286067604532 0.920480979589
1.0 0.905228265936 0.348481638013
1.0 0.550532244758 0.409402647276
1.0 0.0420046590155 0.0195446709736
1.0 0.88378851268 0.0135843682547
1.0 0.48731711366 0.0538608646095
1.0 0.473392270246 0.0200361137346
0.0 0.260692874377 0.639093141651
0.0 0.398392491006 0.815652582931
1.0 0.372717183674 0.0256526040262
0.0 0.0641286475326 0.90817720784
1.0 0.994911756463 0.0364439293958
0.0 0.2959714607 0.638909121546
1.0 0.943268211789 0.695871874694
1.0 0.487854050653 0.0441831451289
0.0 0.515410433142 0.88451780764
0.0 0.612988979511 0.830355662195
0.0 0.142079965105 0.784324509618
0.0 0.409690869778 0.629862659718
1.0 0.84267165211 0.804661949719
0.0 0.518171833995 0.868167453215
0.0 0.780441139566 0.862138785262
1.0 0.9955088635 0.901628411313
0.0 0.84769023384 0.950868254504
1.0 0.838916545827 0.13410703579
1.0 0.846487784827 0.206514451696
1.0 0.993812674529 0.848403523801
1.0 0.807617629147 0.372940610024
1.0 0.668962348248 0.582547298791
0.0 0.6141103716 0.878457460132
0.0 0.266611631835 0.655878335707
0.0 0.307990570273 0.840510787633
1.0 0.417985934834 0.260916073854
0.0 0.0399347879834 0.0428365127587
1.0 0.838452251392 0.745664820644
0.0 0.160677390113 0.778935316736
1.0 0.722994314589 0.196767582661
0.0 0.0859685459709 0.0888958550317
1.0 0.500186506674 0.087171058346
0.0 0.654193169952 0.949760402355
0.0 0.584845163836 0.916072501682
1.0 0.601245980277 0.478156661098
0.0 0.0504852610129 0.369472258975
0.0 0.478969563817 0.520138931292
1.0 0.438938094504 0.354359836914
0.0 0.115082656612 0.291612229141
1.0 0.958946382194 0.218930611163
1.0 0.937581842896 0.74313865975
0.0 0.0594990468156 0.43883133976
1.0 0.233867411173 0.162530465413
1.0 0.758326679526 0.504851234436
0.0 0.116483940739 0.62407070614
1.0 0.515022253446 0.143510627658
1.0 0.812944799593 0.725346862212
1.0 0.230932158423 0.188987351544
0.0 0.619658228311 0.824276500579
1.0 0.75329884114 0.218923208719
0.0 0.433567500775 0.810609257861
1.0 0.322098617093 0.193766734726
1.0 0.907906640202 0.23368790794
0.0 0.133877592936 0.252974376296
0.0 0.0681696788576 0.655070885694
1.0 0.862365751186 0.137364312259
0.0 0.316126701774 0.608318773476
1.0 0.964560066748 0.880824512619
0.0 0.216703625512 0.874800252271
0.0 0.591284786843 0.878027405728
0.0 0.484238659643 0.783205287367
0.0 0.177127397066 0.524842471395
0.0 0.495975811298 0.75955031486
0.0 0.0344740250318 0.152594231134
1.0 0.409529135994 0.14517772432
0.0 0.692274360741 0.904157640722
0.0 0.0210461720234 0.926716819571
0.0 0.025093246894 0.571143722555
0.0 0.0509351977766 0.210131450909
1.0 0.682986461854 0.538501204975
1.0 0.701407518422 0.022463401552
1.0 0.916695144015 0.893401190281
1.0 0.914356984348 0.488507560175
1.0 0.238863047325 0.215321294924
1.0 0.659158909075 0.420268299105
1.0 0.633799362746 0.0337070472703
1.0 0.929411681802 0.858630047191
1.0 0.277070559463 0.186628311902
1.0 0.664194211357 0.487829080144
0.0 0.485236032903 0.818700653904
1.0 0.59028233645 0.283160232392
1.0 0.799235326658 0.443445320604
0.0 0.157612604882 0.20308893354
0.0 0.510258979835 0.64833340728
0.0 0.536198539866 0.619317129242
1.0 0.744455787794 0.0700859234859
1.0 0.0533513328314 0.0293341952612
0.0 0.418876603772 0.873996962595
0.0 0.901638742206 0.948635406127
0.0 0.344817775703 0.354013259586
0.0 0.38588650765 0.650963033446
0.0 0.160601269455 0.563059641386
0.0 0.252309042073 0.994171763153
0.0 0.571652087896 0.960756200318
1.0 0.784073217849 0.660499920434
0.0 0.206779253921 0.584180497017
0.0 0.812659016055 0.920954325875
0.0 0.312559783722 0.839396708493
0.0 0.199652186593 0.572964823952
1.0 0.929986396532 0.175887727587
1.0 0.584886604368 0.328955014165
1.0 0.907706337113 0.727688814822
0.0 0.10215772771 0.531953999771
1.0 0.744359545836 0.633688601444
0.0 0.133856768548 0.655583010196
1.0 0.736464911463 0.0519585833951
0.0 0.527760774945 0.688680415434
1.0 0.63830773786 0.286301374109
0.0 0.262332215449 0.828616118905
0.0 0.737672991432 0.770097911538
1.0 0.731554753511 0.420977053407
1.0 0.674403620867 0.502384288534
0.0 0.64518485555 0.647597655315
1.0 0.179500114468 0.143570265054
1.0 0.892549213455 0.278069036697
0.0 0.474307740394 0.817676331816
0.0 0.18394478282 0.989853005268
1.0 0.976659355459 0.1866982715
1.0 0.846732105472 0.0259716398904
0.0 0.0967030601241 0.574906131466
0.0 0.67077471911 0.971176337461
0.0 0.426809340268 0.661470358045
0.0 0.125006921321 0.355319862967
0.0 0.537488205228 0.888708441074
0.0 0.270679320269 0.740395706561
0.0 0.219655019288 0.938342363199
1.0 0.865612161896 0.480519952288
1.0 0.0955546948897 0.0746681313068
1.0 0.877754553578 0.692176865739
0.0 0.733192416073 0.900104247979
1.0 0.366333749148 0.06333513893
1.0 0.654643749039 0.439184597798
0.0 0.324751976945 0.902854055118
1.0 0.61763399571 0.379900293817
1.0 0.980393707666 0.844099736088
0.0 0.1782192726 0.958022497336
0.0 0.267402499595 0.502681294702
0.0 0.754252704226 0.843869358309
1.0 0.964335933314 0.811573416118
0.0 0.221391114129 0.311780598215
1.0 0.863454817838 0.793972240816
1.0 0.232132066229 0.0056660872328
1.0 0.837535655045 0.0227873327115
1.0 0.773535534577 0.36011499762
1.0 0.803260872129 0.58638543635
1.0 0.604402132033 0.22198615698
0.0 0.514079750353 0.541341276111
0.0 0.0917213511586 0.716760487126
0.0 0.159277511026 0.763841819848
1.0 0.636684003007 0.621011976961
1.0 0.903952923012 0.130225919084
1.0 0.704213084874 0.23083618875
0.0 0.329849014482 0.338484650274
0.0 0.040927891814 0.403821893444
0.0 0.296443335775 0.399305732198
0.0 0.228320477624 0.80757046995
1.0 0.633691246408 0.387751659133
0.0 0.351103445467 0.849056829287
0.0 0.421777562404 0.787536787011
0.0 0.190408444923 0.92077529227
0.0 0.428407456543 0.70758644967
1.0 0.314019118874 0.255202701917
0.0 0.0562870369396 0.609927929994
0.0 0.346193802223 0.525278959013
0.0 0.165965302383 0.941340394823
0.0 0.178604883831 0.979807087873
0.0 0.201875498858 0.470272266338
1.0 0.779039633303 0.358354726108
1.0 0.902574224455 0.51548730762
0.0 0.0538859329044 0.192765567807
1.0 0.971627671925 0.716725001395
0.0 0.157293994979 0.741738874121
0.0 0.570052336037 0.776237199612
0.0 0.465035217238 0.880937275227
1.0 0.712437503994 0.61668321346
1.0 0.328258530726 0.201269805874
0.0 0.0136356787633 0.338915835367
1.0 0.319743064998 0.293033931106
1.0 0.178622157009 0.14029556826
0.0 0.408604118562 0.449405210599
0.0 0.826232113918 0.954320603874
0.0 0.764534141838 0.889084792301
1.0 0.923553179564 0.309726529388
0.0 0.241816519278 0.720870542501
0.0 0.278875004442 0.883653017156
0.0 0.545854771151 0.734918242171
0.0 0.124499715868 0.662465735255
0.0 0.116684274966 0.130164916832
1.0 0.261348177099 0.0319711108573
1.0 0.762291228759 0.569720770884
0.0 0.242748255349 0.98425875402
1.0 0.816062917289 0.0467350872878
1.0 0.838478502811 0.314967016158
0.0 0.269221301644 0.403135207099
1.0 0.352430161802 0.22745537512
1.0 0.668788366484 0.29306283362
1.0 0.808590521918 0.0786211614805
1.0 0.610672212508 0.48875254211
1.0 0.41144052233 0.221838394184
0.0 0.500489348275 0.981042695753
0.0 0.194053452962 0.555805471014
0.0 0.513848175934 0.933688347614
1.0 0.663757010132 0.260580611415
1.0 0.461648821136 0.234178432165
0.0 0.107450300629 0.166831108603
1.0 0.737640214561 0.64160424311
0.0 0.106515194142 0.248244736176
0.0 0.143271753959 0.601707609229
1.0 0.971787948659 0.876509058969
0.0 0.35935286995 0.420600622828
1.0 0.470044995392 0.437236300954
0.0 0.0857364245176 0.855616864722
1.0 0.834205123734 0.200833380253
0.0 0.778490723128 0.829971953069
1.0 0.301213467571 0.278467193792
1.0 0.652020591165 0.0107075007202
1.0 0.154436092165 0.149681696982
0.0 0.216661207485 0.40122929793
0.0 0.297537979736 0.761487928998
1.0 0.482465070461 0.256346261792
0.0 0.147266066156 0.494729192139
0.0 0.554091913592 0.609527600103
0.0 0.0752246945389 0.778680405266
1.0 0.36902062349 0.137519420167
1.0 0.498192101908 0.261308550655
1.0 0.714676665292 0.580995625995
0.0 0.379126117942 0.95679122616
0.0 0.559922438166 0.780745419967
1.0 0.764782773968 0.483460778749
0.0 0.0210412266714 0.144203008319
1.0 0.997946769161 0.434552928474
1.0 0.894460164026 0.202944817676
1.0 0.583017520583 0.272346318469
1.0 0.586499228783 0.520944563391
1.0 0.676686173393 0.248719000817
1.0 0.65675056296 0.0286206254373
0.0 0.331624792655 0.551163821141
1.0 0.558872800561 0.256584644954
1.0 0.981076277597 0.179239890024
0.0 0.151319764114 0.58953477184
0.0 0.290399360193 0.326466479903
0.0 0.531255697036 0.889315816141
0.0 0.227479148178 0.556386235581
1.0 0.812357872992 0.4994994244
1.0 0.5532689986 0.407391074646
1.0 0.751363891772 0.618858029582
1.0 0.701463557947 0.555444226401
0.0 0.475522273437 0.533119376004
1.0 0.809561245726 0.563665915361
1.0 0.926435203191 0.379550524001
1.0 0.596684738585 0.433534833868
1.0 0.734202322622 0.0372052942606
0.0 0.0186410051875 0.573293006125
0.0 0.0920196429743 0.6586259134
1.0 0.160808181223 0.110599762167
1.0 0.833318291695 0.104929361532
1.0 0.164441989797 0.0449776298341
1.0 0.942392346869 0.0216286989825
1.0 0.866753268568 0.416883337478
0.0 0.342830148411 0.963556275309
0.0 0.0285045142227 0.069124147025
1.0 0.524668114625 0.247831710226
1.0 0.0972103905088 0.0599175727673
1.0 0.463607257722 0.162482114377
1.0 0.815212983785 0.200556919328
1.0 0.345188055136 0.152355210081
1.0 0.589363822573 0.00806415319224
1.0 0.64089430058 0.574786266845
0.0 0.949321971304 0.986322809835
1.0 0.785185075026 0.76962208318
0.0 0.0225851038185 0.32937930629
1.0 0.260351451646 0.246107061001
1.0 0.907821009856 0.315177750493
0.0 0.383748199518 0.451879187422
0.0 0.293822060492 0.832976128736
1.0 0.718529992036 0.17964149668
0.0 0.509362045228 0.892830818356
1.0 0.511706234865 0.0615071628595
1.0 0.754654842555 0.0660108951966
0.0 0.264514793798 0.994480697091
0.0 0.530666142389 0.680376926002
1.0 0.817751689691 0.280326368086
1.0 0.584193835481 0.113827903747
1.0 0.712761226824 0.224208178823
0.0 0.624849749567 0.854460282685
0.0 0.55060478037 0.631677964897
0.0 0.127021115547 0.248587420031
0.0 0.391408599564 0.964861756428
0.0 0.539462441323 0.909895688206
0.0 0.435891894739 0.673985646716
0.0 0.147755831407 0.564718877184
0.0 0.511429636844 0.561951512091
1.0 0.963830711571 0.593329120641
1.0 0.318670758774 0.108367101184
1.0 0.58344434272 0.198934853526
0.0 0.605664052326 0.692012935842
0.0 0.170722430615 0.62951919411
0.0 0.430395071204 0.882902964998
0.0 0.025006973282 0.435513375617
1.0 0.364746654247 0.224641406287
0.0 0.0794848680724 0.264223979208
0.0 0.615123679762 0.801690750137
1.0 0.554987253346 0.310601105717
1.0 0.549813746878 0.404384718792
1.0 0.861276326441 0.126494199688
1.0 0.989660905838 0.730308169884
0.0 0.539528029317 0.99595306383
1.0 0.883406978719 0.545732440621
1.0 0.658227428985 0.461658754767
1.0 0.500166846232 0.448542251895
1.0 0.968676784179 0.415234263971
